NU = 3.0ALPHA = 0.2THRESHOLD = 0.5
Episode 0              0.1        0.2        0.3        0.4        0.5
ap      67.038296  46.269187  31.413646  20.513632  12.819214
recall  81.157775  67.763905  55.959137  44.835414  34.846765
Episode 1              0.1        0.2        0.3        0.4        0.5
ap      68.695502  56.646545  43.788929  31.308543  17.912254
recall  82.519864  75.028377  65.947787  55.278093  42.111237
Episode 2              0.1        0.2        0.3        0.4        0.5
ap      73.864631  64.857816  54.043588  40.063724  25.669630
recall  85.471056  79.682179  72.871737  62.656073  49.489217
Episode 3              0.1        0.2        0.3        0.4        0.5
ap      69.371338  61.791044  50.468694  36.360369  22.415849
recall  82.292849  77.752554  70.261067  59.250851  47.105562
Episode 4              0.1        0.2        0.3        0.4        0.5
ap      76.174053  66.773769  52.199089  40.076212  25.499502
recall  86.719637  81.384790  72.077185  62.883087  50.283768
Episode 5              0.1        0.2        0.3        0.4        0.5
ap      74.924004  64.515039  50.962519  37.317941  22.829902
recall  85.925085  79.795687  70.828604  60.272418  46.878547
Episode 6              0.1        0.2        0.3        0.4        0.5
ap      77.267198  67.865600  55.623548  41.117661  26.036569
recall  87.173666  81.271283  73.552781  62.996595  50.056754
Episode 7              0.1        0.2        0.3        0.4        0.5
ap      78.342235  69.644047  55.673354  39.568336  24.594653
recall  88.081725  83.087401  74.120318  61.975028  48.694665
Episode 8              0.1        0.2        0.3        0.4        0.5
ap      75.029331  66.085237  54.420140  40.360218  25.691176
recall  86.152100  80.930760  73.325766  62.996595  49.943246
Episode 9             0.1        0.2        0.3        0.4        0.5
ap      74.57916  66.172477  53.554601  39.032673  24.597967
recall  86.15210  80.930760  72.644722  61.748014  48.694665
Episode 10              0.1        0.2        0.3        0.4        0.5
ap      73.123005  64.828791  52.769603  39.282104  25.884717
recall  85.130533  80.136209  72.190692  62.202043  50.056754
Episode 11              0.1        0.2        0.3        0.4        0.5
ap      75.277389  66.318286  55.944230  40.727788  25.671636
recall  86.606129  81.044268  74.233825  63.223610  49.716232
Episode 12              0.1        0.2        0.3        0.4        0.5
ap      75.852865  66.121088  54.351823  41.325370  25.110817
recall  86.719637  80.590238  72.985244  63.564132  49.262202
Episode 13              0.1        0.2        0.3        0.4        0.5
ap      75.987728  66.652243  54.828272  41.091586  25.443604
recall  86.833144  81.271283  73.439274  63.564132  49.602724
Episode 14              0.1        0.2        0.3        0.4        0.5
ap      75.097895  65.976852  53.991998  41.888726  26.153282
recall  86.265607  80.703746  72.758229  64.018161  50.397276
Episode 15              0.1        0.2        0.3        0.4        0.5
ap      76.344299  66.929698  54.862348  41.892005  25.214330
recall  86.833144  81.157775  73.439274  64.131669  49.602724
Episode 16              0.1        0.2        0.3        0.4        0.5
ap      80.227844  68.944663  55.365376  41.270168  26.088849
recall  88.989784  82.406356  73.893303  64.018161  50.737798
Episode 17              0.1        0.2        0.3        0.4        0.5
ap      77.339355  69.326588  57.328811  42.434438  25.679182
recall  87.287174  82.519864  75.028377  64.585698  50.170261
Episode 18              0.1        0.2        0.3        0.4        0.5
ap      74.636728  66.232847  54.655828  42.269184  26.313494
recall  86.038593  80.930760  73.212259  64.245176  50.624291
Episode 19              0.1        0.2        0.3        0.4        0.5
ap      76.044080  68.570092  55.052129  41.604391  24.649708
recall  86.833144  82.292849  73.893303  63.904654  49.262202
Episode 20              0.1        0.2        0.3        0.4        0.5
ap      76.849591  67.976111  55.213997  40.191821  24.563677
recall  87.287174  81.952327  74.120318  63.223610  49.148695
Episode 21              0.1       0.2        0.3        0.4        0.5
ap      77.183550  66.86891  52.429463  38.983584  24.091366
recall  87.514188  81.38479  72.077185  61.975028  48.581158
Episode 22              0.1        0.2        0.3        0.4        0.5
ap      75.652040  65.868413  53.803280  40.760886  24.551878
recall  86.492622  80.590238  72.871737  63.223610  48.921680
Episode 23              0.1        0.2        0.3        0.4        0.5
ap      73.795831  64.840130  52.056414  37.956581  23.703387
recall  85.584563  80.022701  71.963678  61.293984  47.900114
Episode 24              0.1        0.2        0.3        0.4        0.5
ap      76.572980  65.532088  52.700411  39.386006  23.979835
recall  87.173666  80.590238  72.417707  62.315551  48.581158
Episode 25              0.1        0.2        0.3        0.4        0.5
ap      76.905554  66.721601  54.636165  41.370789  25.258781
recall  87.400681  81.271283  73.666288  63.904654  49.829739
Episode 26              0.1        0.2        0.3        0.4        0.5
ap      77.224174  66.136950  54.007580  39.641894  24.772635
recall  87.287174  80.703746  73.098751  62.542565  49.148695
Episode 27              0.1        0.2        0.3        0.4        0.5
ap      75.489965  66.242030  54.415541  40.805232  25.878954
recall  86.265607  80.817253  73.325766  63.110102  50.170261
Episode 28              0.1        0.2        0.3        0.4        0.5
ap      74.344373  65.769856  54.233229  38.669872  24.242383
recall  85.811578  80.703746  72.871737  61.520999  48.467650
Episode 29              0.1        0.2        0.3        0.4        0.5
ap      75.607059  66.535529  53.534031  38.404780  23.562743
recall  86.606129  81.271283  72.871737  61.520999  48.013621
Episode 30              0.1        0.2        0.3        0.4        0.5
ap      75.315798  66.491927  53.314985  39.201888  23.418693
recall  86.606129  81.044268  72.417707  61.975028  47.786606
Episode 31              0.1        0.2        0.3        0.4        0.5
ap      75.536933  67.161524  54.587377  40.153985  26.601978
recall  86.492622  81.157775  72.985244  62.542565  50.510783
Episode 32              0.1        0.2        0.3        0.4        0.5
ap      76.814219  68.057816  57.235931  41.606095  25.299455
recall  87.173666  81.725312  74.687855  63.564132  49.716232
Episode 33              0.1        0.2        0.3        0.4        0.5
ap      74.253115  65.552882  52.701924  41.065395  25.233581
recall  85.925085  80.590238  72.190692  63.223610  49.602724
Episode 34              0.1        0.2        0.3        0.4        0.5
ap      73.996236  64.858191  51.974636  39.839691  24.005821
recall  85.811578  80.022701  71.396141  62.202043  48.467650
Episode 35              0.1        0.2        0.3        0.4        0.5
ap      74.063644  65.625880  53.274338  38.137949  24.688230
recall  85.811578  80.590238  72.190692  60.839955  48.808173
Episode 36              0.1        0.2        0.3        0.4        0.5
ap      71.713493  63.599018  52.155481  40.130188  24.215138
recall  84.335982  79.341657  71.623156  62.542565  48.921680
Episode 37              0.1        0.2        0.3        0.4        0.5
ap      72.213450  64.329381  52.738157  39.214576  24.619117
recall  84.676504  79.795687  72.190692  62.202043  49.035187
Episode 38              0.1        0.2        0.3        0.4        0.5
ap      73.310441  65.008450  52.802636  39.941257  24.380009
recall  85.357548  80.249716  72.077185  62.542565  48.921680
Episode 39              0.1        0.2        0.3        0.4        0.5
ap      71.462353  62.962447  51.919598  39.627786  25.311591
recall  83.995460  78.774120  71.055619  61.748014  49.489217
Episode 40              0.1        0.2        0.3        0.4        0.5
ap      72.276137  64.342817  54.382837  41.251028  25.992439
recall  84.676504  79.795687  73.098751  63.564132  50.397276
Episode 41              0.1        0.2        0.3        0.4        0.5
ap      72.634951  66.563535  54.937527  41.338137  23.166426
recall  84.903519  80.930760  73.325766  63.337117  47.332577
Episode 42              0.1        0.2        0.3        0.4        0.5
ap      72.081033  63.499236  52.431057  39.290122  24.550087
recall  84.676504  79.341657  71.850170  61.748014  48.581158
Episode 43              0.1        0.2        0.3        0.4        0.5
ap      74.333129  65.855324  54.328189  40.438691  25.317901
recall  85.925085  80.703746  73.098751  62.542565  49.148695
Episode 44              0.1        0.2        0.3        0.4        0.5
ap      74.334956  65.408444  54.221501  40.017351  24.076614
recall  85.925085  80.590238  73.098751  62.542565  48.354143
Episode 45              0.1        0.2        0.3        0.4        0.5
ap      73.939968  65.033107  53.642244  40.339776  23.893558
recall  85.698070  80.022701  72.644722  62.542565  48.240636
Episode 46              0.1        0.2        0.3        0.4        0.5
ap      73.475102  63.877384  54.080780  38.785331  24.783121
recall  85.471056  79.341657  72.758229  61.407491  49.262202
Episode 47              0.1        0.2        0.3        0.4        0.5
ap      75.282387  66.470505  54.959524  40.544518  25.623145
recall  86.265607  80.817253  73.552781  62.656073  49.943246
Episode 48              0.1        0.2        0.3        0.4        0.5
ap      74.529717  65.666532  53.062649  41.142185  26.860680
recall  85.811578  80.249716  72.304200  63.223610  50.964813
Episode 49              0.1        0.2        0.3        0.4        0.5
ap      76.105024  68.410208  55.628826  41.984889  25.875446
recall  86.606129  81.838820  73.893303  63.791146  50.283768